$ 64 0.000001 0.7087504708082256 50 5 43 5e-11
c 256 176 192 176 0 5.35e-8 -0.17080124207307992 0
l 176 96 224 96 0 0.00235 0.0015814551733740365 0
r 256 96 304 96 0 0.00235
R 64 80 64 96 0 2 1000 5 0 0 0.5
w 320 176 320 96 0
w 320 96 304 96 0
w 160 96 160 176 0
w 160 176 192 176 0
w 64 80 64 64 0
w 160 64 160 96 0
w 224 96 256 96 0
w 176 96 160 96 0
r 256 176 288 176 0 0.1
w 288 176 320 176 0
g 320 176 320 208 0 0
r 64 64 160 64 0 3600
o 0 8 0 13326 0.447731458257486 0.0001 0 2 0 3
38 0 0 0.000001 0.000101 Capacitance
